"year" "temp.1" "temp.2" "temp.3" "temp.4" "temp.5" "temp.6" "temp.7" "temp.8" "temp.9" "temp.10" "temp.11" "temp.12"
"1" 1961 -2.3 0.6 1.2 3.3 9.8 17.1 16.3 14.8 11.2 10.1 3.4 -3.6
"2" 1962 -2.7 -4.1 -6.6 3.9 8.4 11.8 15.2 13.4 10.4 7.6 2.5 -5.1
"3" 1963 -8.3 -9.8 -7.7 2.5 12.2 14.8 16.5 17 13.6 7.1 1.5 -2.6
"4" 1964 -1.9 -7.9 -3.6 2.7 9.3 14.5 17 15.1 11 8.1 0.8 -0.8
"5" 1965 -2.7 -6.7 -2.7 3.3 7.2 14.9 14.7 14.7 13.3 6.7 -2.9 -2.5
"6" 1966 -11.6 -12.2 -1.8 0 8.9 16.4 17.9 15 9.9 5.9 3 -3.2
"7" 1967 -9.7 -4.4 1 3.6 9.2 13.5 16.7 16.2 13.5 9.4 4.3 -8.1
"8" 1968 -12.8 -4.2 -0.4 4.4 7.5 16.1 15.5 16.6 11.7 3.4 -0.6 -1.3
"9" 1969 -8.1 -9 -6 3.1 8 15.7 16.8 17.2 10.5 6.1 1.2 -5.7
"10" 1970 -8.6 -11.4 -1.7 1.7 9.3 16.9 16.1 16.1 10.6 5.1 0.2 -1.6
"11" 1971 -1.3 -4.9 -4.1 2.2 9.6 13.9 17 15.7 10 5.6 -0.2 -1
"12" 1972 -7.2 -3.8 -2.6 2 8.8 16.2 20.2 16.9 11 5.5 1.6 2.7
"13" 1973 -1.1 -3.3 -0.4 2.9 9.7 16.6 20 15.4 8.3 3.4 -1.4 -5.2
"14" 1974 -1.9 0.1 -0.4 3.2 7.4 14.5 16 14.7 13.2 6.6 3.4 1.8
"15" 1975 -0.3 -2 0.5 3.5 11.4 13.7 17.9 17.1 13.4 5.8 2.2 -0.7
"16" 1976 -8.5 -5.9 -4.1 2.1 10.8 13 15.9 15.4 8.9 2.9 1.4 -3.2
"17" 1977 -5.5 -8.3 -1.9 1.5 9.1 14.3 14.8 15 8.8 5.9 2.5 -2.7
"18" 1978 -4.7 -10.3 -2.4 2 10.1 14.3 15.7 14.4 9.6 4.8 3.1 -11.1
"19" 1979 -7.6 -8.9 -1.2 1.6 9.3 15.5 15.1 16.7 10.8 4.9 2.5 -2.8
"20" 1980 -7.4 -7.3 -5.7 4.4 7.2 16.8 17.4 15.8 11.8 6.4 -0.9 -1.8
"21" 1981 -3.1 -4.8 -4.8 2 10.6 12.6 16.9 14.7 11.2 7.4 1.2 -4.5
"22" 1982 -8.6 -4.8 0.1 3.1 8.8 11.8 17.4 16.3 11.2 6.3 4.7 1.1
"23" 1983 -0.3 -6.8 -1.9 4.9 11.4 13.9 18.5 16 12.2 6.8 -0.4 -1.7
"24" 1984 -3.2 -4.4 -3.4 4.3 12.4 14.8 15.3 15.8 10.7 8.3 2.3 -0.9
"25" 1985 -13.9 -13.7 -1.9 1.2 9.1 14 16.2 16.3 10.4 7.7 0.1 -5
"26" 1986 -6.6 -10 -0.6 3 10.2 16.9 17.2 14.5 8.4 6.5 4.6 -5.5
"27" 1987 -16.5 -5.9 -5.9 2.3 8.4 12.7 15.4 13.2 10 7.8 0.7 -3.1
"28" 1988 -1.5 -3.1 -2.4 1.8 11.6 17.4 20.3 14.9 12.1 5.7 -1.8 -4.7
"29" 1989 0.5 1.3 1.9 5 11 16 17.8 15 12.1 6.4 1.5 -3.9
"30" 1990 -2.7 1.5 1.8 6.2 10.2 14.6 16.2 16.4 9.6 6.2 0.3 0
"31" 1991 -2 -5.2 0 3.6 8.1 12.6 17.9 17.2 10.7 6.8 4.2 -0.1
"32" 1992 -0.7 -1.3 1.3 2.3 10.7 15.9 16.6 15.2 13 2 -0.1 1.3
"33" 1993 -0.7 -1.7 -0.2 3.6 12.8 12.4 16 14.4 7.7 4.9 -1.7 -2
"34" 1994 -3 -11.6 -2.1 4.5 8.7 12.3 19.6 16.4 12 5.5 0.5 0.3
"35" 1995 -2 0.1 0.6 3.6 8.7 17.2 15.6 16.2 11.9 8.6 -1.1 -6.2
"36" 1996 -5.2 -9.2 -3.2 2.5 8.4 13.1 14.8 18 9.8 7.6 4.4 -3.9
"37" 1997 -3.2 -2.5 -0.4 2.3 8.3 16.4 19.1 18.8 11.6 3.8 1.2 -2.1
"38" 1998 -1 -3.6 -3.3 2.6 9.7 13.8 16.2 14 12.2 6.7 -2.1 -1.4
"39" 1999 -5 -6.3 -1.2 5.2 7.9 17.4 18.6 15.6 13.4 7.4 3.4 -1.2
"40" 2000 -2.2 -1.6 -0.3 5.6 10 13.8 16.9 15.8 10.6 9.5 5.5 2
"41" 2001 -1 -6.8 -2.7 4.9 9.6 13.7 20.1 16.3 12.8 8.7 0.9 -5.9
"42" 2002 -2.6 -0.4 0.7 5.1 11.2 15.8 18.9 19.4 11.6 1.5 -1.9 -7
"43" 2003 -8.5 -5.1 -1.3 2.3 9 13 20.6 16.8 12.1 4.4 3.7 0.2
"44" 2004 -5.7 -4 -0.6 4.8 10.1 13.1 16.5 17.2 12.7 6.8 1.1 1.1
"45" 2005 -0.1 -4.4 -5 4.3 10.1 14.3 19.1 16.6 13 8.2 4.6 -2.2
"46" 2006 -3.6 -7.9 -5.4 3.4 10.3 15.7 18.7 18.7 13.9 8.5 2.7 3.9
"47" 2007 -1.1 -7.9 3 5.4 10.3 15.5 17.4 17.5 11.8 7.3 1.2 2.3
"48" 2008 0.5 1 0.1 5.9 10.7 14.3 17.5 15.4 10.4 9.2 3.6 1.2
"49" 2009 -2.8 -3.6 -1 4.4 10.8 14 17.1 16.6 13.4 4.2 3.5 -3.6
"50" 2010 -10.4 -8.1 -1.8 4.5 11.3 14.5 21.6 18.1 12.2 5.9 -0.5 -7.5
"51" 2011 -4.4 -9.9 -1 5.5 9.7 16.5 20.5 17.4 13.5 8.4 5.2 3.3
"52" 2012 -3.4 -6.8 0.7 4 10.7 13.5 17.5 15.9 12.4 6.7 4.2 -5.3
"53" 2013 -4.9 -1.8 -5.2 3 12.4 17.3 18 17.1 12.6 7.4 4.6 2.3
"54" 2014 -5.9 0.1 2 5.8 10.4 13.4 20 17.8 13 6.7 3.2 0.1
"55" 2015 -0.9 0.8 2.3 5.2 9.2 13.1 16.2 17.3 13.6 6.3 5.5 3.3
"56" 2016 -8.8 0.3 0.8 4.7 13.6 15.1 17.6 16.2 13.2 5.5 0 0.2
